0, 0.237, 0.263, 0.263, 0.237
1, 0.23, 0.27, 0.26, 0.24
2, 0.225, 0.275, 0.259, 0.241
3, 0.219, 0.281, 0.255, 0.245
4, 0.212, 0.288, 0.248, 0.252
5, 0.209, 0.291, 0.241, 0.259
6, 0.204, 0.296, 0.234, 0.266
7, 0.199, 0.301, 0.23, 0.27
8, 0.195, 0.305, 0.227, 0.273
9, 0.189, 0.311, 0.221, 0.279
10, 0.184, 0.316, 0.217, 0.283
11, 0.18, 0.32, 0.215, 0.285
12, 0.176, 0.324, 0.212, 0.288
13, 0.173, 0.327, 0.208, 0.292
14, 0.169, 0.331, 0.205, 0.295
15, 0.162, 0.338, 0.202, 0.298
16, 0.157, 0.343, 0.2, 0.3
17, 0.152, 0.348, 0.196, 0.304
18, 0.149, 0.351, 0.189, 0.311
19, 0.146, 0.354, 0.187, 0.313
20, 0.141, 0.359, 0.182, 0.318
21, 0.136, 0.364, 0.176, 0.324
22, 0.134, 0.366, 0.175, 0.325
23, 0.13, 0.37, 0.17, 0.33
24, 0.125, 0.375, 0.164, 0.336
25, 0.121, 0.379, 0.159, 0.341
26, 0.0936, 0.356, 0.152, 0.398
27, 0.0909, 0.359, 0.146, 0.404
28, 0.0875, 0.362, 0.14, 0.41
29, 0.0851, 0.365, 0.136, 0.414
30, 0.082, 0.368, 0.132, 0.418
31, 0.08, 0.37, 0.128, 0.422
32, 0.0771, 0.373, 0.123, 0.427
33, 0.0751, 0.375, 0.121, 0.429
34, 0.0731, 0.377, 0.117, 0.433
35, 0.0712, 0.379, 0.114, 0.436
36, 0.0687, 0.381, 0.111, 0.439
37, 0.0669, 0.383, 0.109, 0.441
38, 0.05, 0.35, 0.102, 0.498
39, 0.049, 0.351, 0.0995, 0.501
40, 0.0476, 0.352, 0.0965, 0.503
41, 0.046, 0.354, 0.0946, 0.505
42, 0.045, 0.355, 0.0933, 0.507
43, 0.0441, 0.356, 0.0911, 0.509
44, 0.0433, 0.357, 0.0886, 0.511
45, 0.0419, 0.358, 0.086, 0.514
46, 0.0411, 0.359, 0.0831, 0.517
47, 0.0398, 0.36, 0.0803, 0.52
48, 0.0387, 0.361, 0.0785, 0.522
49, 0.0375, 0.363, 0.0763, 0.524
50, 0.0365, 0.363, 0.0746, 0.525
51, 0.0354, 0.365, 0.073, 0.527
52, 0.0343, 0.366, 0.0711, 0.529
53, 0.0333, 0.367, 0.0697, 0.53
54, 0.0325, 0.367, 0.0675, 0.533
55, 0.032, 0.368, 0.0654, 0.535
56, 0.031, 0.369, 0.0638, 0.536
57, 0.0301, 0.37, 0.0626, 0.537
58, 0.0292, 0.371, 0.0607, 0.539
59, 0.0284, 0.372, 0.0596, 0.54
60, 0.0276, 0.372, 0.0582, 0.542
61, 0.0271, 0.373, 0.0578, 0.542
62, 0.0263, 0.374, 0.0565, 0.543
63, 0.0256, 0.374, 0.0556, 0.544
64, 0.0248, 0.375, 0.0544, 0.546
65, 0.0242, 0.376, 0.0533, 0.547
66, 0.0235, 0.376, 0.0517, 0.548
67, 0.023, 0.377, 0.0505, 0.549
68, 0.0224, 0.378, 0.0494, 0.551
69, 0.0218, 0.378, 0.048, 0.552
70, 0.0212, 0.379, 0.047, 0.553
71, 0.0208, 0.379, 0.0462, 0.554
72, 0.0203, 0.38, 0.0449, 0.555
73, 0.0197, 0.38, 0.0437, 0.556
74, 0.0971, 0.403, 0.106, 0.394
75, 0.0951, 0.405, 0.105, 0.395
76, 0.0931, 0.407, 0.104, 0.396
77, 0.0744, 0.376, 0.11, 0.44
78, 0.0725, 0.377, 0.108, 0.442
79, 0.0711, 0.379, 0.105, 0.445
80, 0.0693, 0.381, 0.103, 0.447
81, 0.068, 0.382, 0.101, 0.449
82, 0.0672, 0.383, 0.0985, 0.452
83, 0.0656, 0.384, 0.0963, 0.454
84, 0.0642, 0.386, 0.0937, 0.456
85, 0.0628, 0.387, 0.0917, 0.458
86, 0.0617, 0.388, 0.0902, 0.46
87, 0.0603, 0.39, 0.089, 0.461
88, 0.0595, 0.39, 0.0877, 0.462
89, 0.058, 0.392, 0.0862, 0.464
90, 0.0566, 0.393, 0.0856, 0.464
91, 0.0552, 0.395, 0.084, 0.466
92, 0.0541, 0.396, 0.0823, 0.468
93, 0.0529, 0.397, 0.0801, 0.47
94, 0.0516, 0.398, 0.0789, 0.471
95, 0.0507, 0.399, 0.0768, 0.473
96, 0.0496, 0.4, 0.0756, 0.474
97, 0.0484, 0.402, 0.0749, 0.475
98, 0.0472, 0.403, 0.0735, 0.477
99, 0.0464, 0.404, 0.0725, 0.478
100, 0.0453, 0.405, 0.0721, 0.478
101, 0.0443, 0.406, 0.0704, 0.48
102, 0.0436, 0.406, 0.0688, 0.481
103, 0.0427, 0.407, 0.067, 0.483
104, 0.0416, 0.408, 0.0664, 0.484
105, 0.0408, 0.409, 0.0664, 0.484
106, 0.0398, 0.41, 0.0649, 0.485
107, 0.0388, 0.411, 0.0632, 0.487
108, 0.0379, 0.412, 0.0615, 0.488
109, 0.037, 0.413, 0.0603, 0.49
110, 0.0364, 0.414, 0.0599, 0.49
111, 0.0356, 0.414, 0.059, 0.491
112, 0.0349, 0.415, 0.0581, 0.492
113, 0.0342, 0.416, 0.0566, 0.493
114, 0.0334, 0.417, 0.0552, 0.495
115, 0.0326, 0.417, 0.0551, 0.495
116, 0.0319, 0.418, 0.0537, 0.496
117, 0.0311, 0.419, 0.0527, 0.497
118, 0.0304, 0.42, 0.0517, 0.498
119, 0.0298, 0.42, 0.0504, 0.5
120, 0.0291, 0.421, 0.0502, 0.5
121, 0.0285, 0.421, 0.0497, 0.5
122, 0.028, 0.422, 0.0487, 0.501
123, 0.0275, 0.423, 0.0478, 0.502
124, 0.0268, 0.423, 0.0466, 0.503
125, 0.0262, 0.424, 0.0458, 0.504
126, 0.0256, 0.424, 0.045, 0.505
127, 0.025, 0.425, 0.0444, 0.506
128, 0.0244, 0.426, 0.0436, 0.506
129, 0.0238, 0.426, 0.0425, 0.507
130, 0.0233, 0.427, 0.0418, 0.508
131, 0.0229, 0.427, 0.0414, 0.509
132, 0.0223, 0.428, 0.0406, 0.509
133, 0.0218, 0.428, 0.0398, 0.51
134, 0.0213, 0.429, 0.0392, 0.511
135, 0.0208, 0.429, 0.0385, 0.511
136, 0.0205, 0.43, 0.0376, 0.512
137, 0.0202, 0.43, 0.0367, 0.513
138, 0.0198, 0.43, 0.0358, 0.514
139, 0.0194, 0.431, 0.0352, 0.515
140, 0.019, 0.431, 0.0347, 0.515
141, 0.0185, 0.431, 0.0339, 0.516
142, 0.0182, 0.432, 0.033, 0.517
143, 0.0177, 0.432, 0.0325, 0.517
144, 0.0173, 0.433, 0.032, 0.518
145, 0.017, 0.433, 0.0316, 0.518
146, 0.0166, 0.433, 0.0311, 0.519
147, 0.0163, 0.434, 0.0303, 0.52
148, 0.0159, 0.434, 0.0298, 0.52
149, 0.0156, 0.434, 0.0294, 0.521
150, 0.0152, 0.435, 0.0287, 0.521
151, 0.0149, 0.435, 0.0287, 0.521
152, 0.0145, 0.435, 0.0282, 0.522
153, 0.0142, 0.436, 0.0278, 0.522
154, 0.014, 0.436, 0.0272, 0.523
155, 0.0136, 0.436, 0.0265, 0.523
156, 0.0133, 0.437, 0.0259, 0.524
157, 0.013, 0.437, 0.0253, 0.525
158, 0.0637, 0.436, 0.0985, 0.401
159, 0.0627, 0.437, 0.0978, 0.402
160, 0.0614, 0.439, 0.0966, 0.403
161, 0.053, 0.397, 0.102, 0.448
162, 0.0519, 0.398, 0.101, 0.449
163, 0.0507, 0.399, 0.0988, 0.451
164, 0.0754, 0.425, 0.0916, 0.408
165, 0.0739, 0.426, 0.0894, 0.411
166, 0.065, 0.385, 0.0936, 0.456
167, 0.0641, 0.386, 0.092, 0.458
168, 0.0634, 0.387, 0.0909, 0.459
169, 0.0625, 0.387, 0.0893, 0.461
170, 0.0616, 0.388, 0.0876, 0.462
171, 0.0605, 0.389, 0.0861, 0.464
172, 0.0598, 0.39, 0.0841, 0.466
173, 0.0589, 0.391, 0.0825, 0.468
174, 0.0583, 0.392, 0.0807, 0.469
175, 0.0572, 0.393, 0.0797, 0.47
176, 0.0559, 0.394, 0.0781, 0.472
177, 0.0549, 0.395, 0.0764, 0.474
178, 0.0545, 0.396, 0.0747, 0.475
179, 0.0537, 0.396, 0.0736, 0.476
180, 0.0527, 0.397, 0.0724, 0.478
181, 0.0515, 0.399, 0.0707, 0.479
182, 0.0503, 0.4, 0.0694, 0.481
183, 0.0492, 0.401, 0.0681, 0.482
184, 0.0481, 0.402, 0.067, 0.483
185, 0.047, 0.403, 0.066, 0.484
186, 0.046, 0.404, 0.0655, 0.484
187, 0.0654, 0.435, 0.0671, 0.433
188, 0.0645, 0.436, 0.0655, 0.434
189, 0.0631, 0.437, 0.0642, 0.436
190, 0.0622, 0.438, 0.0631, 0.437
191, 0.0612, 0.439, 0.0619, 0.438
192, 0.0601, 0.44, 0.0611, 0.439
193, 0.0591, 0.441, 0.0602, 0.44
194, 0.0582, 0.442, 0.0588, 0.441
195, 0.0568, 0.443, 0.0576, 0.442
196, 0.0556, 0.444, 0.0568, 0.443
197, 0.0546, 0.445, 0.0567, 0.443
198, 0.0537, 0.446, 0.0558, 0.444
199, 0.0529, 0.447, 0.0548, 0.445
200, 0.0458, 0.404, 0.0513, 0.499
201, 0.045, 0.405, 0.0504, 0.5
202, 0.044, 0.406, 0.0502, 0.5
203, 0.0436, 0.406, 0.0492, 0.501
204, 0.0426, 0.407, 0.0485, 0.501
205, 0.0416, 0.408, 0.0481, 0.502
206, 0.0407, 0.409, 0.0475, 0.503
207, 0.04, 0.41, 0.0473, 0.503
208, 0.0392, 0.411, 0.0462, 0.504
209, 0.0385, 0.411, 0.0451, 0.505
210, 0.038, 0.412, 0.0443, 0.506
211, 0.0372, 0.413, 0.0435, 0.506
212, 0.0366, 0.413, 0.0425, 0.507
213, 0.0358, 0.414, 0.0418, 0.508
214, 0.0352, 0.415, 0.0412, 0.509
215, 0.0345, 0.416, 0.0405, 0.509
216, 0.0337, 0.416, 0.04, 0.51
217, 0.0329, 0.417, 0.0393, 0.511
218, 0.0322, 0.418, 0.0389, 0.511
219, 0.0315, 0.418, 0.0382, 0.512
220, 0.031, 0.419, 0.0376, 0.512
221, 0.0303, 0.42, 0.0367, 0.513
222, 0.0296, 0.42, 0.0363, 0.514
223, 0.029, 0.421, 0.0354, 0.515
224, 0.0283, 0.422, 0.0348, 0.515
225, 0.0277, 0.422, 0.0344, 0.516
226, 0.0271, 0.423, 0.0338, 0.516
227, 0.0265, 0.423, 0.0333, 0.517
228, 0.0259, 0.424, 0.0328, 0.517
229, 0.0255, 0.424, 0.0322, 0.518
230, 0.0249, 0.425, 0.0315, 0.518
231, 0.0244, 0.426, 0.0308, 0.519
232, 0.0238, 0.426, 0.0301, 0.52
233, 0.0234, 0.427, 0.0294, 0.521
234, 0.0232, 0.427, 0.029, 0.521
235, 0.0227, 0.427, 0.0286, 0.521
236, 0.0222, 0.428, 0.0279, 0.522
237, 0.0218, 0.428, 0.0273, 0.523
238, 0.0213, 0.429, 0.0269, 0.523
239, 0.0208, 0.429, 0.0263, 0.524
240, 0.0204, 0.43, 0.0257, 0.524
241, 0.02, 0.43, 0.0253, 0.525
242, 0.0196, 0.43, 0.0251, 0.525
243, 0.0193, 0.431, 0.0248, 0.525
244, 0.0188, 0.431, 0.0242, 0.526
245, 0.0185, 0.431, 0.0237, 0.526
246, 0.0181, 0.432, 0.0232, 0.527
247, 0.0177, 0.432, 0.0227, 0.527
248, 0.0173, 0.433, 0.0223, 0.528
249, 0.0169, 0.433, 0.022, 0.528
250, 0.0165, 0.434, 0.0215, 0.528
251, 0.0161, 0.434, 0.0213, 0.529
252, 0.0158, 0.434, 0.0208, 0.529
253, 0.0155, 0.434, 0.0203, 0.53
254, 0.0153, 0.435, 0.0199, 0.53
255, 0.0149, 0.435, 0.0194, 0.531
256, 0.0146, 0.435, 0.019, 0.531
257, 0.0143, 0.436, 0.0186, 0.531
258, 0.014, 0.436, 0.0184, 0.532
259, 0.0137, 0.436, 0.0183, 0.532
260, 0.0134, 0.437, 0.0179, 0.532
261, 0.0131, 0.437, 0.0178, 0.532
262, 0.0129, 0.437, 0.0174, 0.533
263, 0.0126, 0.437, 0.0172, 0.533
264, 0.0123, 0.438, 0.0168, 0.533
265, 0.00245, 0.398, 0.00874, 0.591
266, 0.0024, 0.398, 0.00855, 0.591
267, 0.00234, 0.398, 0.00836, 0.592
268, 0.00229, 0.398, 0.00817, 0.592
269, 0.00224, 0.398, 0.00799, 0.592
270, 0.00219, 0.398, 0.00782, 0.592
271, 0.00214, 0.398, 0.00765, 0.592
272, 0.00209, 0.398, 0.00748, 0.593
273, 0.00204, 0.398, 0.00732, 0.593
274, 0.002, 0.398, 0.00716, 0.593
275, 0.00199, 0.398, 0.00717, 0.593
276, 0.00194, 0.398, 0.0072, 0.593
277, 0.0019, 0.398, 0.00704, 0.593
278, 0.00186, 0.398, 0.00709, 0.593
279, 0.00181, 0.398, 0.00693, 0.593
280, 0.00177, 0.398, 0.00678, 0.593
281, 0.00173, 0.398, 0.00663, 0.593
282, 0.0017, 0.398, 0.00649, 0.594
283, 0.00166, 0.398, 0.00635, 0.594
284, 0.00162, 0.398, 0.00621, 0.594
285, 0.00159, 0.398, 0.00608, 0.594
286, 0.00155, 0.398, 0.00594, 0.594
287, 0.00152, 0.398, 0.00582, 0.594
288, 0.00148, 0.399, 0.00569, 0.594
289, 0.00145, 0.399, 0.00557, 0.594
290, 0.00142, 0.399, 0.00561, 0.594
291, 0.00139, 0.399, 0.00549, 0.595
292, 0.00136, 0.399, 0.00537, 0.595
293, 0.00133, 0.399, 0.00526, 0.595
294, 0.00117, 0.349, 0.00517, 0.645
295, 0.00114, 0.349, 0.00506, 0.645
296, 0.00112, 0.349, 0.00495, 0.645
297, 0.00109, 0.349, 0.00484, 0.645
298, 0.00107, 0.349, 0.00474, 0.645
299, 0.00104, 0.349, 0.00464, 0.645
300, 0.00102, 0.349, 0.00454, 0.645
301, 0.001, 0.349, 0.00445, 0.646
302, 0.000979, 0.349, 0.00435, 0.646
303, 0.000958, 0.349, 0.00426, 0.646
304, 0.000939, 0.349, 0.00417, 0.646
305, 0.000919, 0.349, 0.00424, 0.646
306, 0.000899, 0.349, 0.00415, 0.646
307, 0.00088, 0.349, 0.00406, 0.646
308, 0.000862, 0.349, 0.00398, 0.646
309, 0.000843, 0.349, 0.0039, 0.646
310, 0.000825, 0.349, 0.00381, 0.646
311, 0.000808, 0.349, 0.00373, 0.646
312, 0.000791, 0.349, 0.00366, 0.646
313, 0.000774, 0.349, 0.00358, 0.646
314, 0.000758, 0.349, 0.0035, 0.646
315, 0.000743, 0.349, 0.00343, 0.647
316, 0.000727, 0.349, 0.00336, 0.647
317, 0.000712, 0.349, 0.00329, 0.647
318, 0.000153, 0.3, 0.00201, 0.698
319, 0.00015, 0.3, 0.00197, 0.698
320, 0.000147, 0.3, 0.00193, 0.698
321, 0.000144, 0.3, 0.00189, 0.698
322, 0.000141, 0.3, 0.00185, 0.698
323, 0.000138, 0.3, 0.00181, 0.698
324, 0.000135, 0.3, 0.00178, 0.698
325, 0.000132, 0.3, 0.00174, 0.698
326, 0.00013, 0.3, 0.0017, 0.698
327, 0.000127, 0.3, 0.00182, 0.698
328, 0.000124, 0.3, 0.00179, 0.698
329, 0.000122, 0.3, 0.00191, 0.698
330, 0.000119, 0.3, 0.00187, 0.698
331, 0.000117, 0.3, 0.00183, 0.698
332, 0.000114, 0.3, 0.00179, 0.698
333, 0.000112, 0.3, 0.00176, 0.698
334, 0.00011, 0.3, 0.00172, 0.698
335, 0.000108, 0.3, 0.00168, 0.698
336, 0.000105, 0.3, 0.00165, 0.698
337, 0.000103, 0.3, 0.00161, 0.698
338, 0.000101, 0.3, 0.00158, 0.698
339, 9.91e-05, 0.3, 0.00155, 0.698
340, 9.7e-05, 0.3, 0.00152, 0.698
341, 9.51e-05, 0.3, 0.00148, 0.699
342, 9.31e-05, 0.3, 0.00145, 0.699
343, 9.12e-05, 0.3, 0.00142, 0.699
344, 8.94e-05, 0.3, 0.00139, 0.699
345, 8.76e-05, 0.3, 0.00137, 0.699
346, 8.58e-05, 0.3, 0.00134, 0.699
347, 8.41e-05, 0.3, 0.00131, 0.699
348, 8.24e-05, 0.3, 0.00128, 0.699
349, 8.07e-05, 0.3, 0.00126, 0.699
350, 7.91e-05, 0.3, 0.00123, 0.699
351, 7.75e-05, 0.3, 0.00121, 0.699
352, 7.59e-05, 0.3, 0.00118, 0.699
353, 7.43e-05, 0.3, 0.00116, 0.699
354, 7.28e-05, 0.3, 0.00113, 0.699
355, 7.14e-05, 0.3, 0.00111, 0.699
356, 6.99e-05, 0.3, 0.00109, 0.699
357, 6.85e-05, 0.3, 0.00107, 0.699
358, 6.71e-05, 0.3, 0.00104, 0.699
359, 6.58e-05, 0.3, 0.00102, 0.699
360, 6.44e-05, 0.3, 0.001, 0.699
361, 6.31e-05, 0.3, 0.000981, 0.699
362, 6.19e-05, 0.3, 0.000961, 0.699
363, 6.06e-05, 0.3, 0.000941, 0.699
364, 5.94e-05, 0.3, 0.000922, 0.699
365, 5.82e-05, 0.3, 0.00106, 0.699
366, 5.7e-05, 0.3, 0.00104, 0.699
367, 5.59e-05, 0.3, 0.00102, 0.699
368, 2.12e-05, 0.25, 0.000901, 0.749
369, 2.07e-05, 0.25, 0.000883, 0.749
370, 2.03e-05, 0.25, 0.000865, 0.749
371, 1.99e-05, 0.25, 0.000847, 0.749
372, 1.95e-05, 0.25, 0.000829, 0.749
373, 1.91e-05, 0.25, 0.000812, 0.749
374, 1.87e-05, 0.25, 0.000796, 0.749
375, 1.84e-05, 0.25, 0.00078, 0.749
376, 1.8e-05, 0.25, 0.000764, 0.749
377, 1.76e-05, 0.25, 0.000748, 0.749
378, 1.73e-05, 0.25, 0.000733, 0.749
379, 1.69e-05, 0.25, 0.000718, 0.749
380, 1.66e-05, 0.25, 0.000703, 0.749
381, 1.63e-05, 0.25, 0.000689, 0.749
382, 1.59e-05, 0.25, 0.000675, 0.749
383, 1.56e-05, 0.25, 0.000661, 0.749
384, 1.55e-05, 0.25, 0.000647, 0.749
385, 7.78e-06, 0.2, 0.000555, 0.799
386, 7.62e-06, 0.2, 0.000543, 0.799
387, 7.47e-06, 0.2, 0.000532, 0.799
388, 7.32e-06, 0.2, 0.000521, 0.799
389, 7.17e-06, 0.2, 0.000511, 0.799
390, 7.02e-06, 0.2, 0.0005, 0.799
391, 6.88e-06, 0.2, 0.00049, 0.8
392, 6.74e-06, 0.2, 0.00048, 0.8
393, 6.61e-06, 0.2, 0.000471, 0.8
394, 6.48e-06, 0.2, 0.000461, 0.8
395, 6.35e-06, 0.2, 0.000452, 0.8
396, 6.22e-06, 0.2, 0.000442, 0.8
397, 6.09e-06, 0.2, 0.000433, 0.8
398, 5.97e-06, 0.2, 0.000425, 0.8
399, 5.85e-06, 0.2, 0.000416, 0.8
400, 5.73e-06, 0.2, 0.000408, 0.8
401, 5.62e-06, 0.2, 0.000399, 0.8
402, 5.51e-06, 0.2, 0.000391, 0.8
403, 5.39e-06, 0.2, 0.000383, 0.8
404, 5.29e-06, 0.2, 0.000376, 0.8
405, 5.18e-06, 0.2, 0.000368, 0.8
406, 5.08e-06, 0.2, 0.000361, 0.8
407, 4.97e-06, 0.2, 0.000353, 0.8
408, 4.87e-06, 0.2, 0.000346, 0.8
409, 4.78e-06, 0.2, 0.000339, 0.8
410, 4.68e-06, 0.2, 0.000332, 0.8
411, 4.59e-06, 0.2, 0.000326, 0.8
412, 4.5e-06, 0.2, 0.000319, 0.8
413, 4.41e-06, 0.2, 0.000313, 0.8
414, 4.32e-06, 0.2, 0.000306, 0.8
415, 4.23e-06, 0.2, 0.0003, 0.8
416, 4.15e-06, 0.2, 0.000294, 0.8
417, 4.06e-06, 0.2, 0.000288, 0.8
418, 3.98e-06, 0.2, 0.000282, 0.8
419, 3.9e-06, 0.2, 0.000277, 0.8
420, 3.82e-06, 0.2, 0.000271, 0.8
421, 3.75e-06, 0.2, 0.000266, 0.8
422, 3.67e-06, 0.2, 0.00026, 0.8
423, 3.6e-06, 0.2, 0.000255, 0.8
424, 3.53e-06, 0.2, 0.00025, 0.8
425, 3.46e-06, 0.2, 0.00039, 0.8
426, 3.39e-06, 0.2, 0.00053, 0.799
427, 3.32e-06, 0.2, 0.000664, 0.799
428, 3.25e-06, 0.2, 0.000651, 0.799
429, 3.19e-06, 0.2, 0.000637, 0.799
430, 3.12e-06, 0.2, 0.000624, 0.799
431, 3.06e-06, 0.2, 0.000612, 0.799
432, 3e-06, 0.2, 0.000599, 0.799
433, 2.94e-06, 0.2, 0.000587, 0.799
434, 2.88e-06, 0.2, 0.000575, 0.799
435, 2.82e-06, 0.2, 0.000564, 0.799
436, 2.77e-06, 0.2, 0.000552, 0.799
437, 2.71e-06, 0.2, 0.000541, 0.799
438, 2.66e-06, 0.2, 0.00053, 0.799
439, 2.6e-06, 0.2, 0.000519, 0.799
440, 2.55e-06, 0.2, 0.000654, 0.799
441, 2.5e-06, 0.2, 0.000641, 0.799
442, 2.45e-06, 0.2, 0.000628, 0.799
443, 2.4e-06, 0.2, 0.000615, 0.799
444, 2.35e-06, 0.2, 0.000603, 0.799
445, 2.31e-06, 0.2, 0.000591, 0.799
446, 2.26e-06, 0.2, 0.00073, 0.799
447, 2.22e-06, 0.2, 0.000715, 0.799
448, 2.17e-06, 0.2, 0.0007, 0.799
449, 2.13e-06, 0.2, 0.000686, 0.799
450, 2.09e-06, 0.2, 0.000672, 0.799
451, 2.04e-06, 0.2, 0.000658, 0.799
452, 2e-06, 0.2, 0.000645, 0.799
453, 1.96e-06, 0.2, 0.000632, 0.799
454, 1.92e-06, 0.2, 0.000619, 0.799
455, 1.89e-06, 0.2, 0.000607, 0.799
456, 1.85e-06, 0.2, 0.000594, 0.799
457, 1.81e-06, 0.2, 0.000582, 0.799
458, 1.78e-06, 0.2, 0.00057, 0.799
459, 1.74e-06, 0.2, 0.000559, 0.799
460, 1.71e-06, 0.2, 0.000548, 0.799
461, 1.67e-06, 0.2, 0.000536, 0.799
462, 1.64e-06, 0.2, 0.000526, 0.799
463, 1.61e-06, 0.2, 0.000515, 0.799
464, 1.57e-06, 0.2, 0.000505, 0.799
465, 1.54e-06, 0.2, 0.000494, 0.8
466, 1.51e-06, 0.2, 0.000484, 0.8
467, 1.48e-06, 0.2, 0.000475, 0.8
468, 1.45e-06, 0.2, 0.000465, 0.8
469, 1.42e-06, 0.2, 0.000456, 0.8
470, 1.39e-06, 0.2, 0.000446, 0.8
471, 1.37e-06, 0.2, 0.000437, 0.8
472, 1.34e-06, 0.2, 0.000429, 0.8
473, 1.31e-06, 0.2, 0.00042, 0.8
474, 1.29e-06, 0.2, 0.000411, 0.8
475, 1.26e-06, 0.2, 0.000403, 0.8
476, 1.24e-06, 0.2, 0.000395, 0.8
477, 1.21e-06, 0.2, 0.000387, 0.8
478, 1.19e-06, 0.2, 0.000379, 0.8
479, 1.16e-06, 0.2, 0.000372, 0.8
480, 1.14e-06, 0.2, 0.000364, 0.8
481, 1.12e-06, 0.2, 0.000357, 0.8
482, 1.09e-06, 0.2, 0.00035, 0.8
483, 0.00401, 0.246, 0.00137, 0.749
484, 0.00393, 0.246, 0.00134, 0.749
485, 0.00385, 0.246, 0.00132, 0.749
486, 0.00377, 0.246, 0.00129, 0.749
487, 0.0037, 0.246, 0.00126, 0.749
488, 0.00363, 0.246, 0.00124, 0.749
489, 0.00355, 0.246, 0.00136, 0.749
490, 0.00348, 0.247, 0.00133, 0.749
491, 0.00341, 0.247, 0.00131, 0.749
492, 0.00334, 0.247, 0.00128, 0.749
493, 0.00328, 0.247, 0.00125, 0.749
494, 0.00321, 0.247, 0.00123, 0.749
495, 0.00315, 0.247, 0.0012, 0.749
496, 0.00309, 0.247, 0.00118, 0.749
497, 0.00302, 0.247, 0.00116, 0.749
498, 0.00296, 0.247, 0.00113, 0.749
499, 0.00291, 0.247, 0.00111, 0.749
500, 0.00285, 0.247, 0.00109, 0.749
501, 0.00279, 0.247, 0.00107, 0.749
502, 0.00273, 0.247, 0.00105, 0.749
503, 0.00268, 0.247, 0.00102, 0.749
504, 0.00264, 0.247, 0.001, 0.749
505, 0.00258, 0.247, 0.000984, 0.749
506, 0.00253, 0.247, 0.000964, 0.749
507, 0.00248, 0.248, 0.000945, 0.749
508, 0.00243, 0.248, 0.000926, 0.749
509, 0.00238, 0.248, 0.000908, 0.749
510, 0.00234, 0.248, 0.000889, 0.749
511, 0.00229, 0.248, 0.000872, 0.749
512, 0.00224, 0.248, 0.000854, 0.749
513, 0.0022, 0.248, 0.000837, 0.749
514, 0.00216, 0.248, 0.00082, 0.749
515, 0.00211, 0.248, 0.000804, 0.749
516, 0.00207, 0.248, 0.000788, 0.749
517, 0.00203, 0.248, 0.000772, 0.749
518, 0.00202, 0.248, 0.000757, 0.749
519, 0.00198, 0.248, 0.000742, 0.749
520, 0.00194, 0.248, 0.000727, 0.749
521, 0.0019, 0.248, 0.000859, 0.749
522, 0.00186, 0.248, 0.000841, 0.749
523, 0.00147, 0.199, 0.00111, 0.799
524, 0.00144, 0.199, 0.00108, 0.799
525, 1.83e-07, 0.15, 7.73e-05, 0.85
526, 1.8e-07, 0.15, 7.57e-05, 0.85
527, 1.76e-07, 0.15, 7.42e-05, 0.85
528, 1.72e-07, 0.15, 7.27e-05, 0.85
529, 1.69e-07, 0.15, 7.13e-05, 0.85
530, 1.66e-07, 0.15, 6.98e-05, 0.85
531, 1.62e-07, 0.15, 6.84e-05, 0.85
532, 1.59e-07, 0.15, 6.71e-05, 0.85
533, 1.56e-07, 0.15, 6.57e-05, 0.85
534, 1.53e-07, 0.15, 6.44e-05, 0.85
535, 1.5e-07, 0.15, 6.31e-05, 0.85
536, 1.47e-07, 0.15, 6.19e-05, 0.85
537, 1.44e-07, 0.15, 6.06e-05, 0.85
538, 1.41e-07, 0.15, 5.94e-05, 0.85
539, 1.38e-07, 0.15, 5.82e-05, 0.85
540, 1.35e-07, 0.15, 5.71e-05, 0.85
541, 1.33e-07, 0.15, 5.59e-05, 0.85
542, 1.3e-07, 0.15, 0.0002, 0.85
543, 1.27e-07, 0.15, 0.000196, 0.85
544, 1.25e-07, 0.15, 0.000192, 0.85
545, 1.22e-07, 0.15, 0.000333, 0.85
546, 1.2e-07, 0.15, 0.000327, 0.85
547, 1.17e-07, 0.15, 0.00032, 0.85
548, 1.15e-07, 0.15, 0.000313, 0.85
549, 1.13e-07, 0.15, 0.000307, 0.85
550, 1.11e-07, 0.15, 0.000301, 0.85
551, 1.08e-07, 0.15, 0.000295, 0.85
552, 1.06e-07, 0.15, 0.000289, 0.85
553, 1.04e-07, 0.15, 0.000283, 0.85
554, 1.02e-07, 0.15, 0.000277, 0.85
555, 9.99e-08, 0.15, 0.000272, 0.85
556, 9.79e-08, 0.15, 0.000266, 0.85
557, 9.6e-08, 0.15, 0.000261, 0.85
558, 9.41e-08, 0.15, 0.000256, 0.85
559, 9.22e-08, 0.15, 0.00025, 0.85
560, 9.03e-08, 0.15, 0.000245, 0.85
561, 8.85e-08, 0.15, 0.00024, 0.85
562, 8.68e-08, 0.15, 0.000236, 0.85
563, 8.5e-08, 0.15, 0.000231, 0.85
564, 8.33e-08, 0.15, 0.000226, 0.85
565, 8.17e-08, 0.15, 0.000222, 0.85
566, 8e-08, 0.15, 0.000217, 0.85
567, 7.84e-08, 0.15, 0.000213, 0.85
568, 7.69e-08, 0.15, 0.000209, 0.85
569, 7.53e-08, 0.15, 0.000204, 0.85
570, 7.38e-08, 0.15, 0.0002, 0.85
571, 7.24e-08, 0.15, 0.000196, 0.85
572, 7.09e-08, 0.15, 0.000192, 0.85
573, 6.95e-08, 0.15, 0.000188, 0.85
574, 6.81e-08, 0.15, 0.000185, 0.85
575, 6.68e-08, 0.15, 0.000181, 0.85
576, 6.54e-08, 0.15, 0.000177, 0.85
577, 6.41e-08, 0.15, 0.000174, 0.85
578, 6.29e-08, 0.15, 0.00017, 0.85
579, 6.16e-08, 0.15, 0.000167, 0.85
580, 6.04e-08, 0.15, 0.000163, 0.85
581, 5.92e-08, 0.15, 0.00016, 0.85
582, 5.8e-08, 0.15, 0.000157, 0.85
583, 5.68e-08, 0.15, 0.000154, 0.85
584, 5.57e-08, 0.15, 0.000296, 0.85
585, 5.46e-08, 0.15, 0.00029, 0.85
586, 5.35e-08, 0.15, 0.000432, 0.85
587, 5.24e-08, 0.15, 0.000423, 0.85
588, 5.14e-08, 0.15, 0.000414, 0.85
589, 5.04e-08, 0.15, 0.000406, 0.85
590, 4.94e-08, 0.15, 0.000398, 0.85
591, 4.84e-08, 0.15, 0.000389, 0.85
592, 4.74e-08, 0.15, 0.000382, 0.85
593, 4.65e-08, 0.15, 0.000374, 0.85
594, 4.55e-08, 0.15, 0.000366, 0.85
595, 4.46e-08, 0.15, 0.000359, 0.85
596, 4.37e-08, 0.15, 0.000352, 0.85
597, 4.29e-08, 0.15, 0.000344, 0.85
598, 4.2e-08, 0.15, 0.000337, 0.85
599, 4.12e-08, 0.15, 0.000331, 0.85
600, 4.04e-08, 0.15, 0.000324, 0.85
601, 3.96e-08, 0.15, 0.000317, 0.85
602, 3.88e-08, 0.15, 0.000311, 0.85
603, 3.8e-08, 0.15, 0.000305, 0.85
604, 3.72e-08, 0.15, 0.000299, 0.85
605, 3.65e-08, 0.15, 0.000293, 0.85
606, 3.58e-08, 0.15, 0.000287, 0.85
607, 3.51e-08, 0.15, 0.000281, 0.85
608, 3.44e-08, 0.15, 0.000275, 0.85
609, 3.37e-08, 0.15, 0.00027, 0.85
610, 3.3e-08, 0.15, 0.000264, 0.85
611, 3.23e-08, 0.15, 0.000259, 0.85
612, 3.17e-08, 0.15, 0.000254, 0.85
613, 3.11e-08, 0.15, 0.000249, 0.85
614, 3.04e-08, 0.15, 0.000244, 0.85
615, 2.98e-08, 0.15, 0.000239, 0.85
616, 2.92e-08, 0.15, 0.000234, 0.85
617, 2.87e-08, 0.15, 0.000229, 0.85
618, 2.81e-08, 0.15, 0.000225, 0.85
619, 2.75e-08, 0.15, 0.00022, 0.85
620, 2.7e-08, 0.15, 0.000216, 0.85
621, 2.64e-08, 0.15, 0.000211, 0.85
622, 2.59e-08, 0.15, 0.000207, 0.85
623, 2.54e-08, 0.15, 0.000203, 0.85
624, 2.49e-08, 0.15, 0.000199, 0.85
625, 2.44e-08, 0.15, 0.000195, 0.85
626, 2.39e-08, 0.15, 0.000191, 0.85
627, 2.34e-08, 0.15, 0.000187, 0.85
628, 2.3e-08, 0.15, 0.000183, 0.85
629, 2.25e-08, 0.15, 0.00018, 0.85
630, 2.21e-08, 0.15, 0.000176, 0.85
631, 2.16e-08, 0.15, 0.000172, 0.85
632, 2.12e-08, 0.15, 0.000169, 0.85
633, 2.08e-08, 0.15, 0.000166, 0.85
634, 2.04e-08, 0.15, 0.000162, 0.85
635, 2e-08, 0.15, 0.000159, 0.85
636, 1.96e-08, 0.15, 0.000156, 0.85
637, 1.92e-08, 0.15, 0.000153, 0.85
638, 1.88e-08, 0.15, 0.00015, 0.85
639, 1.84e-08, 0.15, 0.000147, 0.85
640, 1.8e-08, 0.15, 0.000144, 0.85
641, 0.0764, 0.124, 0.139, 0.661
642, 0.0755, 0.124, 0.138, 0.662
643, 0.0752, 0.125, 0.136, 0.664
644, 0.0745, 0.126, 0.135, 0.665
645, 0.0914, 0.159, 0.186, 0.564
646, 0.0898, 0.16, 0.184, 0.566
647, 0.117, 0.183, 0.194, 0.506
648, 0.116, 0.184, 0.194, 0.506
649, 0.114, 0.186, 0.193, 0.507
650, 0.112, 0.188, 0.191, 0.509
651, 0.111, 0.189, 0.189, 0.511
652, 0.111, 0.189, 0.189, 0.511
653, 0.11, 0.19, 0.186, 0.514
654, 0.109, 0.191, 0.184, 0.516
655, 0.109, 0.191, 0.182, 0.518
656, 0.107, 0.193, 0.181, 0.519
657, 0.106, 0.194, 0.179, 0.521
658, 0.105, 0.195, 0.177, 0.523
659, 0.104, 0.196, 0.174, 0.526
660, 0.102, 0.198, 0.174, 0.526
661, 0.101, 0.199, 0.172, 0.528
662, 0.0995, 0.2, 0.169, 0.531
663, 0.0981, 0.202, 0.168, 0.532
664, 0.0973, 0.203, 0.167, 0.533
665, 0.0965, 0.204, 0.165, 0.535
666, 0.0954, 0.205, 0.164, 0.536
667, 0.0931, 0.207, 0.162, 0.538
668, 0.0923, 0.208, 0.161, 0.539
669, 0.0915, 0.208, 0.16, 0.54
670, 0.0907, 0.209, 0.157, 0.543
671, 0.0896, 0.21, 0.157, 0.543
672, 0.0714, 0.179, 0.171, 0.579
673, 0.0695, 0.18, 0.169, 0.581
674, 0.0688, 0.181, 0.168, 0.582
675, 0.0672, 0.183, 0.165, 0.585
676, 0.0665, 0.183, 0.165, 0.585
677, 0.0662, 0.184, 0.163, 0.587
678, 0.0644, 0.186, 0.161, 0.589
679, 0.0638, 0.186, 0.16, 0.59
680, 0.062, 0.188, 0.159, 0.591
681, 0.0614, 0.189, 0.158, 0.592
682, 0.0597, 0.19, 0.156, 0.594
683, 0.0581, 0.192, 0.154, 0.596
684, 0.0578, 0.192, 0.153, 0.597
685, 0.0576, 0.192, 0.15, 0.6
686, 0.0258, 0.174, 0.179, 0.621
687, 0.0252, 0.175, 0.179, 0.621
688, 0.0246, 0.175, 0.177, 0.623
689, 0.0244, 0.176, 0.174, 0.626
690, 0.0239, 0.176, 0.173, 0.627
691, 0.0238, 0.176, 0.172, 0.628
692, 0.0233, 0.177, 0.171, 0.629
693, 0.0228, 0.177, 0.17, 0.63
694, 0.0224, 0.178, 0.169, 0.631
695, 0.0219, 0.178, 0.166, 0.634
696, 0.0214, 0.179, 0.164, 0.636
697, 0.0209, 0.179, 0.162, 0.638
698, 0.0207, 0.179, 0.16, 0.64
699, 0.0203, 0.18, 0.158, 0.642
700, 0.0199, 0.18, 0.155, 0.645
701, 0.0195, 0.181, 0.154, 0.646
702, 0.0192, 0.181, 0.152, 0.648
703, 0.0187, 0.181, 0.149, 0.651
704, 0.0183, 0.182, 0.148, 0.652
705, 0.018, 0.182, 0.145, 0.655
706, 0.0176, 0.182, 0.144, 0.656
707, 0.0172, 0.183, 0.142, 0.658
708, 0.0168, 0.183, 0.139, 0.661
709, 0.0165, 0.184, 0.137, 0.663
710, 0.0162, 0.184, 0.135, 0.665
711, 0.0161, 0.184, 0.133, 0.667
712, 0.0065, 0.143, 0.106, 0.744
713, 0.00636, 0.144, 0.104, 0.746
714, 0.00622, 0.144, 0.102, 0.748
715, 0.00608, 0.144, 0.0994, 0.751
716, 0.00595, 0.144, 0.097, 0.753
717, 0.00582, 0.144, 0.095, 0.755
718, 0.00569, 0.144, 0.0931, 0.757
719, 0.00557, 0.144, 0.0916, 0.758
720, 0.00545, 0.145, 0.0898, 0.76
721, 0.00533, 0.145, 0.0876, 0.762
722, 0.00521, 0.145, 0.0861, 0.764
723, 0.0051, 0.145, 0.084, 0.766
724, 0.00499, 0.145, 0.0828, 0.767
725, 0.00488, 0.145, 0.0813, 0.769
726, 0.00486, 0.145, 0.0797, 0.77
727, 0.00475, 0.145, 0.0792, 0.771
728, 0.00465, 0.145, 0.0777, 0.772
729, 0.00455, 0.145, 0.0758, 0.774
730, 0.00445, 0.146, 0.0745, 0.775
731, 0.00435, 0.146, 0.0728, 0.777
732, 0.00426, 0.146, 0.0716, 0.778
733, 0.00417, 0.146, 0.0703, 0.78
734, 0.00408, 0.146, 0.0694, 0.781
735, 0.00399, 0.146, 0.0678, 0.782
736, 0.0039, 0.146, 0.0661, 0.784
737, 0.00382, 0.146, 0.0644, 0.786
738, 0.00374, 0.146, 0.0631, 0.787
739, 0.00366, 0.146, 0.0614, 0.789
740, 0.00358, 0.146, 0.0612, 0.789
741, 0.0035, 0.146, 0.0604, 0.79
742, 0.00348, 0.147, 0.0588, 0.791
743, 0.00341, 0.147, 0.0578, 0.792
744, 0.00334, 0.147, 0.0563, 0.794
745, 0.00326, 0.147, 0.0549, 0.795
746, 0.00319, 0.147, 0.0536, 0.796
747, 0.00313, 0.147, 0.0523, 0.798
748, 0.00306, 0.147, 0.0509, 0.799
749, 0.00299, 0.147, 0.0502, 0.8
750, 0.00293, 0.147, 0.0492, 0.801
751, 0.00287, 0.147, 0.0487, 0.801
752, 0.00285, 0.147, 0.0475, 0.803
753, 0.00279, 0.147, 0.047, 0.803
754, 0.00273, 0.147, 0.0461, 0.804
755, 0.00267, 0.147, 0.0457, 0.804
756, 0.00261, 0.147, 0.0453, 0.805
757, 0.00256, 0.147, 0.0447, 0.805
758, 0.0025, 0.147, 0.0442, 0.806
759, 0.00245, 0.148, 0.0431, 0.807
760, 0.0024, 0.148, 0.0422, 0.808
761, 0.00235, 0.148, 0.0412, 0.809
762, 0.0023, 0.148, 0.0406, 0.809
763, 0.00225, 0.148, 0.0398, 0.81
764, 0.0022, 0.148, 0.039, 0.811
765, 0.00215, 0.148, 0.0381, 0.812
766, 0.00211, 0.148, 0.0371, 0.813
767, 0.00206, 0.148, 0.0364, 0.814
768, 0.00202, 0.148, 0.036, 0.814
769, 2.19e-08, 0.1, 0.00832, 0.892
770, 2.15e-08, 0.1, 0.00814, 0.892
771, 2.1e-08, 0.1, 0.00796, 0.892
772, 2.06e-08, 0.1, 0.00799, 0.892
773, 2.02e-08, 0.1, 0.00781, 0.892
774, 1.97e-08, 0.1, 0.00782, 0.892
775, 1.93e-08, 0.1, 0.00765, 0.892
776, 1.89e-08, 0.1, 0.00748, 0.893
777, 1.85e-08, 0.1, 0.00732, 0.893
778, 1.82e-08, 0.1, 0.00716, 0.893
779, 1.78e-08, 0.1, 0.007, 0.893
780, 1.74e-08, 0.1, 0.00685, 0.893
781, 1.7e-08, 0.1, 0.0067, 0.893
782, 1.67e-08, 0.1, 0.00656, 0.893
783, 1.64e-08, 0.1, 0.00642, 0.894
784, 1.6e-08, 0.1, 0.00628, 0.894
785, 1.57e-08, 0.1, 0.00631, 0.894
786, 1.54e-08, 0.1, 0.00618, 0.894
787, 1.5e-08, 0.1, 0.00604, 0.894
788, 1.47e-08, 0.1, 0.00591, 0.894
789, 1.44e-08, 0.1, 0.00579, 0.894
790, 1.41e-08, 0.1, 0.00566, 0.894
791, 1.38e-08, 0.1, 0.00554, 0.894
792, 1.36e-08, 0.1, 0.0056, 0.894
793, 1.33e-08, 0.1, 0.00548, 0.895
794, 1.3e-08, 0.1, 0.00536, 0.895
795, 1.27e-08, 0.1, 0.00525, 0.895
796, 1.25e-08, 0.1, 0.00514, 0.895
797, 1.22e-08, 0.1, 0.00503, 0.895
798, 1.2e-08, 0.1, 0.00492, 0.895
799, 1.17e-08, 0.1, 0.00482, 0.895
800, 1.15e-08, 0.1, 0.00472, 0.895
801, 1.13e-08, 0.1, 0.00462, 0.895
802, 1.1e-08, 0.1, 0.00452, 0.895
803, 1.08e-08, 0.1, 0.00443, 0.896
804, 1.06e-08, 0.1, 0.00433, 0.896
805, 1.04e-08, 0.1, 0.00439, 0.896
806, 1.02e-08, 0.1, 0.0043, 0.896
807, 9.95e-09, 0.1, 0.00436, 0.896
808, 9.75e-09, 0.1, 0.00427, 0.896
809, 9.55e-09, 0.1, 0.00418, 0.896
810, 9.36e-09, 0.1, 0.00409, 0.896
811, 9.17e-09, 0.1, 0.00401, 0.896
812, 8.98e-09, 0.1, 0.00392, 0.896
813, 8.8e-09, 0.1, 0.00384, 0.896
814, 8.62e-09, 0.1, 0.00376, 0.896
815, 8.45e-09, 0.1, 0.00368, 0.896
816, 8.28e-09, 0.1, 0.00361, 0.896
817, 8.11e-09, 0.1, 0.00353, 0.896
818, 7.95e-09, 0.1, 0.00346, 0.897
819, 7.79e-09, 0.1, 0.00339, 0.897
820, 7.63e-09, 0.1, 0.00332, 0.897
821, 7.47e-09, 0.1, 0.00341, 0.897
822, 7.32e-09, 0.1, 0.0035, 0.897
823, 7.17e-09, 0.1, 0.00342, 0.897
824, 7.03e-09, 0.1, 0.00335, 0.897
825, 6.89e-09, 0.1, 0.00344, 0.897
826, 6.75e-09, 0.1, 0.00337, 0.897
827, 6.61e-09, 0.1, 0.0033, 0.897
828, 6.48e-09, 0.1, 0.00323, 0.897
829, 6.35e-09, 0.1, 0.00317, 0.897
830, 6.22e-09, 0.1, 0.0031, 0.897
831, 6.09e-09, 0.1, 0.00304, 0.897
832, 5.97e-09, 0.1, 0.00297, 0.897
833, 5.85e-09, 0.1, 0.00291, 0.897
834, 5.73e-09, 0.1, 0.00285, 0.897
835, 5.62e-09, 0.1, 0.00279, 0.897
836, 5.5e-09, 0.1, 0.00274, 0.897
837, 5.39e-09, 0.1, 0.00268, 0.897
838, 5.29e-09, 0.1, 0.00263, 0.897
839, 5.18e-09, 0.1, 0.00257, 0.897
840, 5.07e-09, 0.1, 0.00252, 0.897
841, 4.97e-09, 0.1, 0.00247, 0.898
842, 4.87e-09, 0.1, 0.00242, 0.898
843, 4.77e-09, 0.1, 0.00237, 0.898
844, 4.68e-09, 0.1, 0.00232, 0.898
845, 4.58e-09, 0.1, 0.00227, 0.898
846, 4.49e-09, 0.1, 0.00222, 0.898
847, 4.4e-09, 0.1, 0.00218, 0.898
848, 4.31e-09, 0.1, 0.00213, 0.898
849, 4.23e-09, 0.1, 0.00209, 0.898
850, 4.14e-09, 0.1, 0.00205, 0.898
851, 4.06e-09, 0.1, 0.00201, 0.898
852, 3.98e-09, 0.1, 0.00197, 0.898
853, 3.9e-09, 0.1, 0.00193, 0.898
854, 3.82e-09, 0.1, 0.00189, 0.898
855, 3.74e-09, 0.1, 0.00185, 0.898
856, 3.67e-09, 0.1, 0.00181, 0.898
857, 3.59e-09, 0.1, 0.00177, 0.898
858, 3.52e-09, 0.1, 0.00174, 0.898
859, 3.45e-09, 0.1, 0.0017, 0.898
860, 3.38e-09, 0.1, 0.00167, 0.898
861, 3.31e-09, 0.1, 0.00163, 0.898
862, 3.25e-09, 0.1, 0.0016, 0.898
863, 3.18e-09, 0.1, 0.00157, 0.898
864, 3.12e-09, 0.1, 0.00154, 0.898
865, 3.06e-09, 0.1, 0.0015, 0.898
866, 3e-09, 0.1, 0.00147, 0.899
867, 2.94e-09, 0.1, 0.00144, 0.899
868, 2.88e-09, 0.1, 0.00142, 0.899
869, 2.82e-09, 0.1, 0.00139, 0.899
870, 2.76e-09, 0.1, 0.00136, 0.899
871, 2.71e-09, 0.1, 0.00133, 0.899
872, 2.65e-09, 0.1, 0.0013, 0.899
873, 2.6e-09, 0.1, 0.00128, 0.899
874, 2.55e-09, 0.1, 0.00125, 0.899
875, 2.5e-09, 0.1, 0.00123, 0.899
876, 0, 0.05, 9.64e-06, 0.95
877, 0, 0.05, 9.45e-06, 0.95
878, 0, 0.05, 9.26e-06, 0.95
879, 0, 0.05, 9.07e-06, 0.95
880, 0, 0.05, 8.89e-06, 0.95
881, 0, 0.05, 8.71e-06, 0.95
882, 0, 0.05, 8.54e-06, 0.95
883, 0, 0.05, 8.36e-06, 0.95
884, 0, 0.05, 8.2e-06, 0.95
885, 0, 0.05, 8.03e-06, 0.95
886, 0, 0.05, 7.87e-06, 0.95
887, 0, 0.05, 7.71e-06, 0.95
888, 0, 0.05, 7.56e-06, 0.95
889, 0, 0.05, 7.4e-06, 0.95
890, 0, 0.05, 7.25e-06, 0.95
891, 0, 0.05, 7.11e-06, 0.95
892, 0, 0.05, 6.97e-06, 0.95
893, 0, 0.05, 6.83e-06, 0.95
894, 0, 0.05, 6.69e-06, 0.95
895, 0, 0.05, 6.55e-06, 0.95
896, 0, 0.05, 6.42e-06, 0.95
897, 0, 0.05, 6.29e-06, 0.95
898, 0, 0.05, 6.17e-06, 0.95
899, 0, 0.05, 6.04e-06, 0.95
900, 0, 0.05, 5.92e-06, 0.95
901, 0, 0.05, 5.8e-06, 0.95
902, 0, 0.05, 5.69e-06, 0.95
903, 0, 0.05, 5.57e-06, 0.95
904, 0, 0.05, 5.46e-06, 0.95
905, 0, 0.05, 5.35e-06, 0.95
906, 0, 0.05, 5.24e-06, 0.95
907, 0, 0.05, 5.14e-06, 0.95
908, 0, 0.05, 5.04e-06, 0.95
909, 0, 0.05, 4.94e-06, 0.95
910, 0, 0.05, 4.84e-06, 0.95
911, 0, 0.05, 4.74e-06, 0.95
912, 0, 0.05, 4.64e-06, 0.95
913, 0, 0.05, 4.55e-06, 0.95
914, 0, 0.05, 4.46e-06, 0.95
915, 0, 0.05, 4.37e-06, 0.95
916, 0, 0.05, 4.28e-06, 0.95
917, 0, 0.05, 4.2e-06, 0.95
918, 0, 0.05, 4.11e-06, 0.95
919, 0, 0.05, 4.03e-06, 0.95
920, 0, 0.05, 3.95e-06, 0.95
921, 0, 0.05, 3.87e-06, 0.95
922, 0, 0.05, 3.79e-06, 0.95
923, 0, 0.05, 3.72e-06, 0.95
924, 0, 0.05, 3.64e-06, 0.95
925, 0, 0.05, 3.57e-06, 0.95
926, 0, 0.05, 3.5e-06, 0.95
927, 0, 0.05, 3.43e-06, 0.95
928, 0, 0.05, 3.36e-06, 0.95
929, 0, 0.05, 3.29e-06, 0.95
930, 0, 0.05, 3.23e-06, 0.95
931, 0, 0.05, 3.16e-06, 0.95
932, 0, 0.05, 3.1e-06, 0.95
933, 0, 0.05, 3.04e-06, 0.95
934, 0, 0.05, 0.000148, 0.95
935, 0, 0.05, 0.000145, 0.95
936, 0, 0.05, 0.000142, 0.95
937, 0, 0.05, 0.000139, 0.95
938, 0, 0.05, 0.000137, 0.95
939, 0, 0.05, 0.000134, 0.95
940, 0, 0.05, 0.000131, 0.95
941, 0, 0.05, 0.000128, 0.95
942, 0, 0.05, 0.000126, 0.95
943, 0, 0.05, 0.000123, 0.95
944, 0, 0.05, 0.000121, 0.95
945, 0, 0.05, 0.000118, 0.95
946, 0, 0.05, 0.000116, 0.95
947, 0, 0.05, 0.000114, 0.95
948, 0, 0.05, 0.000111, 0.95
949, 0, 0.05, 0.000109, 0.95
950, 0, 0.05, 0.000107, 0.95
951, 0, 0.05, 0.000105, 0.95
952, 0, 0.05, 0.000103, 0.95
953, 0, 0.05, 0.000101, 0.95
954, 0, 0.05, 9.85e-05, 0.95
955, 0, 0.05, 9.65e-05, 0.95
956, 0, 0.05, 9.46e-05, 0.95
957, 0, 0.05, 9.26e-05, 0.95
958, 0, 0.05, 9.08e-05, 0.95
959, 0, 0.05, 8.9e-05, 0.95
960, 0, 0.05, 8.72e-05, 0.95
961, 0, 0.05, 8.54e-05, 0.95
962, 0, 0.05, 8.37e-05, 0.95
963, 0, 0.05, 8.2e-05, 0.95
964, 0, 0.05, 8.03e-05, 0.95
965, 0, 0.05, 7.87e-05, 0.95
966, 0, 0.05, 7.71e-05, 0.95
967, 0, 0.05, 7.56e-05, 0.95
968, 0, 0.05, 7.41e-05, 0.95
969, 0, 0.05, 7.26e-05, 0.95
970, 0, 0.05, 7.11e-05, 0.95
971, 0, 0.05, 6.97e-05, 0.95
972, 0, 0.05, 6.83e-05, 0.95
973, 0, 0.05, 6.69e-05, 0.95
974, 0, 0.05, 6.56e-05, 0.95
975, 0, 0.05, 6.43e-05, 0.95
976, 0, 0.05, 6.3e-05, 0.95
977, 0, 0.05, 6.17e-05, 0.95
978, 0, 0.05, 6.05e-05, 0.95
979, 0, 0.05, 5.93e-05, 0.95
980, 0, 0.05, 5.81e-05, 0.95
981, 0, 0.05, 5.69e-05, 0.95
982, 0, 0.05, 5.58e-05, 0.95
983, 0, 0.05, 5.46e-05, 0.95
984, 0, 0.05, 5.35e-05, 0.95
985, 0, 0.05, 5.25e-05, 0.95
986, 0, 0.05, 5.14e-05, 0.95
987, 0, 0.05, 5.04e-05, 0.95
988, 0, 0.05, 4.94e-05, 0.95
989, 0, 0.05, 4.84e-05, 0.95
990, 0, 0.05, 4.74e-05, 0.95
991, 0, 0.05, 4.65e-05, 0.95
992, 0, 0.05, 4.55e-05, 0.95
993, 0, 0.05, 4.46e-05, 0.95
994, 0, 0.05, 4.37e-05, 0.95
995, 0, 0.05, 4.29e-05, 0.95
996, 0, 0.05, 4.2e-05, 0.95
997, 0, 0.05, 4.12e-05, 0.95
998, 0, 0.05, 4.03e-05, 0.95
999, 0, 0.05, 3.95e-05, 0.95
1e+03, 0, 0.05, 3.87e-05, 0.95
2e+03, 0, 0.05, 8.01e-05, 0.95
3e+03, 0.0488, 0.151, 0.0453, 0.755
4e+03, 0, 0, 0, 1
5e+03, 0.00221, 0.298, 0.0492, 0.651
6e+03, 0.712, 0.188, 0.1, 5.23e-08
7e+03, 1, 0, 0, 0
8e+03, 1, 0, 0, 0
9e+03, 1, 0, 0, 0
1e+04, 1, 0, 0, 0
2e+04, 1, 0, 0, 0
3e+04, 1, 0, 0, 0
4e+04, 1, 0, 0, 0
5e+04, 1, 0, 0, 0
6e+04, 1, 0, 0, 0
7e+04, 1, 0, 0, 0
8e+04, 1, 0, 0, 0
9e+04, 1, 0, 0, 0
1e+05, 1, 0, 0, 0
1.1e+05, 1, 0, 0, 0
1.2e+05, 1, 0, 0, 0
1.3e+05, 1, 0, 0, 0
1.4e+05, 1, 0, 0, 0
1.5e+05, 1, 0, 0, 0
1.6e+05, 1, 0, 0, 0
1.7e+05, 1, 0, 0, 0
1.8e+05, 1, 0, 0, 0
1.9e+05, 1, 0, 0, 0
2e+05, 1, 0, 0, 0
2.1e+05, 1, 0, 0, 0
2.2e+05, 1, 0, 0, 0
2.3e+05, 1, 0, 0, 0
2.4e+05, 1, 0, 0, 0
2.5e+05, 1, 0, 0, 0
2.6e+05, 1, 0, 0, 0
2.7e+05, 1, 0, 0, 0
2.8e+05, 1, 0, 0, 0
2.9e+05, 1, 0, 0, 0
3e+05, 1, 0, 0, 0
3.1e+05, 1, 0, 0, 0
3.2e+05, 1, 0, 0, 0
3.3e+05, 1, 0, 0, 0
3.4e+05, 1, 0, 0, 0
3.5e+05, 1, 0, 0, 0
3.6e+05, 1, 0, 0, 0
3.7e+05, 1, 0, 0, 0
3.8e+05, 1, 0, 0, 0
3.9e+05, 1, 0, 0, 0
4e+05, 1, 0, 0, 0
4.1e+05, 1, 0, 0, 0
4.2e+05, 1, 0, 0, 0
4.3e+05, 1, 0, 0, 0
4.4e+05, 1, 0, 0, 0
4.5e+05, 1, 0, 0, 0
4.6e+05, 1, 0, 0, 0
4.7e+05, 1, 0, 0, 0
4.8e+05, 1, 0, 0, 0
4.9e+05, 1, 0, 0, 0
5e+05, 1, 0, 0, 0
5.1e+05, 1, 0, 0, 0
5.2e+05, 1, 0, 0, 0
5.3e+05, 1, 0, 0, 0
5.4e+05, 1, 0, 0, 0
5.5e+05, 1, 0, 0, 0
5.6e+05, 1, 0, 0, 0
5.7e+05, 1, 0, 0, 0
5.8e+05, 1, 0, 0, 0
5.9e+05, 1, 0, 0, 0
6e+05, 1, 0, 0, 0
6.1e+05, 1, 0, 0, 0
6.2e+05, 1, 0, 0, 0
6.3e+05, 1, 0, 0, 0
6.4e+05, 1, 0, 0, 0
6.5e+05, 1, 0, 0, 0
6.6e+05, 1, 0, 0, 0
6.7e+05, 1, 0, 0, 0
6.8e+05, 1, 0, 0, 0
6.9e+05, 1, 0, 0, 0
7e+05, 1, 0, 0, 0
7.1e+05, 1, 0, 0, 0
7.2e+05, 1, 0, 0, 0
7.3e+05, 1, 0, 0, 0
7.4e+05, 1, 0, 0, 0
7.5e+05, 1, 0, 0, 0
7.6e+05, 1, 0, 0, 0
7.7e+05, 1, 0, 0, 0
7.8e+05, 1, 0, 0, 0
7.9e+05, 1, 0, 0, 0
8e+05, 1, 0, 0, 0
8.1e+05, 1, 0, 0, 0
8.2e+05, 1, 0, 0, 0
8.3e+05, 1, 0, 0, 0
8.4e+05, 1, 0, 0, 0
8.5e+05, 1, 0, 0, 0
8.6e+05, 1, 0, 0, 0
8.7e+05, 1, 0, 0, 0
8.8e+05, 1, 0, 0, 0
8.9e+05, 1, 0, 0, 0
9e+05, 1, 0, 0, 0
9.1e+05, 1, 0, 0, 0
9.2e+05, 1, 0, 0, 0
9.3e+05, 1, 0, 0, 0
9.4e+05, 1, 0, 0, 0
9.5e+05, 1, 0, 0, 0
9.6e+05, 1, 0, 0, 0
9.7e+05, 1, 0, 0, 0
9.8e+05, 1, 0, 0, 0
9.9e+05, 1, 0, 0, 0
1e+06, 1, 0, 0, 0
